step,t,layer,side,content_mass_mean,content_mass_max,entropy
0,600,0,64,0.3762206435203552,0.634765625,2.6894264221191406
0,600,1,64,0.500420331954956,0.6875,1.9738295078277588
0,600,2,64,0.4687681198120117,0.642578125,2.3548340797424316
0,600,3,64,0.5344452857971191,0.69140625,2.028726100921631
0,600,4,32,0.43732404708862305,0.552734375,2.737304210662842
0,600,5,32,0.4416494369506836,0.6025390625,2.9117212295532227
0,600,6,32,0.5164031982421875,0.638671875,2.464332103729248
0,600,7,32,0.4065384864807129,0.57421875,2.668266773223877
0,600,8,32,0.45503997802734375,0.58203125,2.3411693572998047
0,600,9,32,0.4926643371582031,0.552734375,2.0164601802825928
0,600,10,32,0.6272830963134766,0.666015625,1.61435866355896
0,600,11,32,0.6710414886474609,0.71484375,1.6139185428619385
0,600,12,32,0.6554985046386719,0.6875,1.6560430526733398
0,600,13,32,0.5779762268066406,0.642578125,2.0276103019714355
0,600,14,32,0.3571958541870117,0.4599609375,3.0681447982788086
0,600,15,32,0.3962125778198242,0.529296875,3.1560537815093994
0,600,16,32,0.39470136165618896,0.5556640625,3.22383975982666
0,600,17,32,0.4133436679840088,0.607421875,2.9784631729125977
0,600,18,32,0.451358437538147,0.646484375,3.01204514503479
0,600,19,32,0.32788848876953125,0.51953125,3.361558437347412
0,600,20,32,0.3400454521179199,0.49609375,3.1713953018188477
0,600,21,32,0.3357682228088379,0.4560546875,3.0424907207489014
0,600,22,32,0.35605669021606445,0.48046875,2.8411214351654053
0,600,23,32,0.37328577041625977,0.5029296875,2.4984097480773926
0,600,24,32,0.3989524841308594,0.5107421875,2.680743455886841
0,600,25,32,0.347383975982666,0.5693359375,3.103757381439209
0,600,26,32,0.38733458518981934,0.599609375,2.7875168323516846
0,600,27,32,0.4887237548828125,0.6552734375,2.491631031036377
0,600,28,32,0.6138525009155273,0.744140625,2.053006172180176
0,600,29,32,0.6200246810913086,0.748046875,2.0215792655944824
0,600,30,32,0.5230922698974609,0.662109375,2.3994100093841553
0,600,31,32,0.6081943511962891,0.7255859375,2.0607352256774902
0,600,32,32,0.6862764358520508,0.783203125,1.7743544578552246
0,600,33,32,0.6129951477050781,0.73046875,2.0267114639282227
0,600,34,32,0.4104762077331543,0.5693359375,2.8493001461029053
0,600,35,32,0.36902785301208496,0.51171875,3.1643877029418945
0,600,36,32,0.31417012214660645,0.431640625,3.4607744216918945
0,600,37,32,0.28706908226013184,0.4248046875,3.4710323810577393
0,600,38,32,0.26888394355773926,0.3876953125,3.2852845191955566
0,600,39,32,0.27715158462524414,0.64501953125,3.2679333686828613
0,600,40,32,0.3177754878997803,0.4892578125,3.126040458679199
0,600,41,32,0.4241008758544922,0.62109375,2.870514392852783
0,600,42,32,0.3466935157775879,0.494140625,2.8184103965759277
0,600,43,32,0.5393743515014648,0.615234375,1.8537137508392334
0,600,44,32,0.40375614166259766,0.4658203125,2.769557476043701
0,600,45,32,0.33890247344970703,0.474609375,3.2760186195373535
0,600,46,32,0.34972500801086426,0.4384765625,3.315486431121826
0,600,47,32,0.32230138778686523,0.44921875,3.36771297454834
0,600,48,32,0.29921865463256836,0.451171875,3.403998374938965
0,600,49,32,0.32634711265563965,0.494140625,3.167194366455078
0,600,50,32,0.28215479850769043,0.4501953125,3.2597317695617676
0,600,51,32,0.47993040084838867,0.587890625,2.430825710296631
0,600,52,32,0.46432018280029297,0.6015625,2.423755168914795
0,600,53,32,0.43249034881591797,0.529296875,2.2097702026367188
0,600,54,32,0.33865928649902344,0.4013671875,2.961386203765869
0,600,55,32,0.18155860900878906,0.3642578125,3.7221014499664307
0,600,56,32,0.21049714088439941,0.33935546875,3.6564106941223145
0,600,57,32,0.23477745056152344,0.42529296875,3.5679702758789062
0,600,58,32,0.2790365219116211,0.43798828125,3.317493200302124
0,600,59,32,0.2712273597717285,0.4658203125,3.1632118225097656
0,600,60,32,0.33905839920043945,0.474609375,2.755620002746582
0,600,61,32,0.3826117515563965,0.5234375,2.4578771591186523
0,600,62,32,0.4888753890991211,0.580078125,1.962073564529419
0,600,63,32,0.6621665954589844,0.697265625,1.5095796585083008
0,600,64,64,0.44293105602264404,0.709228515625,1.9119216203689575
0,600,65,64,0.38716021180152893,0.583251953125,2.1079776287078857
0,600,66,64,0.5250424146652222,0.693359375,2.0092663764953613
0,600,67,64,0.34626758098602295,0.5634765625,2.0308213233947754
0,600,68,64,0.4250917434692383,0.5283203125,2.177398681640625
0,600,69,64,0.4918851852416992,0.638671875,1.8293970823287964
5,540,0,64,0.38854479789733887,0.6474609375,2.679898262023926
5,540,1,64,0.4931752681732178,0.681640625,1.981642484664917
5,540,2,64,0.4669671058654785,0.64453125,2.357006072998047
5,540,3,64,0.5348832607269287,0.703125,2.0347375869750977
5,540,4,32,0.43178844451904297,0.552734375,2.7669811248779297
5,540,5,32,0.44890499114990234,0.61328125,2.8995091915130615
5,540,6,32,0.5148839950561523,0.646484375,2.489318370819092
5,540,7,32,0.40808963775634766,0.5751953125,2.682084798812866
5,540,8,32,0.4489250183105469,0.5712890625,2.3765716552734375
5,540,9,32,0.48654842376708984,0.556640625,2.0551605224609375
5,540,10,32,0.6242465972900391,0.662109375,1.6248706579208374
5,540,11,32,0.6649322509765625,0.708984375,1.6387050151824951
5,540,12,32,0.6522006988525391,0.685546875,1.6712089776992798
5,540,13,32,0.5757255554199219,0.642578125,2.043644666671753
5,540,14,32,0.3659820556640625,0.46484375,3.047516345977783
5,540,15,32,0.40866661071777344,0.5390625,3.1182479858398438
5,540,16,32,0.40782296657562256,0.56640625,3.1952199935913086
5,540,17,32,0.4275186061859131,0.6123046875,2.9404029846191406
5,540,18,32,0.4583667516708374,0.646484375,2.992166042327881
5,540,19,32,0.3380570411682129,0.544921875,3.336942672729492
5,540,20,32,0.33601808547973633,0.509765625,3.187765598297119
5,540,21,32,0.3427891731262207,0.4677734375,3.055844783782959
5,540,22,32,0.36402130126953125,0.482421875,2.8280532360076904
5,540,23,32,0.36649084091186523,0.5107421875,2.557974100112915
5,540,24,32,0.3973855972290039,0.5126953125,2.6841657161712646
5,540,25,32,0.3519282341003418,0.587890625,3.09086537361145
5,540,26,32,0.3862032890319824,0.60009765625,2.7925453186035156
5,540,27,32,0.4889955520629883,0.658203125,2.4943745136260986
5,540,28,32,0.6072349548339844,0.7451171875,2.085852861404419
5,540,29,32,0.6215648651123047,0.751953125,2.0210037231445312
5,540,30,32,0.5222854614257812,0.646484375,2.4099791049957275
5,540,31,32,0.6079330444335938,0.7294921875,2.0640175342559814
5,540,32,32,0.6863727569580078,0.794921875,1.7766575813293457
5,540,33,32,0.6108112335205078,0.734375,2.0420174598693848
5,540,34,32,0.4228849411010742,0.599609375,2.800992488861084
5,540,35,32,0.37770605087280273,0.52734375,3.135645627975464
5,540,36,32,0.32574009895324707,0.4580078125,3.4239208698272705
5,540,37,32,0.28842318058013916,0.4638671875,3.4656550884246826
5,540,38,32,0.27678680419921875,0.408203125,3.2716946601867676
5,540,39,32,0.2767350673675537,0.5361328125,3.274522304534912
5,540,40,32,0.31973981857299805,0.44140625,3.1258544921875
5,540,41,32,0.4190235137939453,0.65087890625,2.893747329711914
5,540,42,32,0.3449087142944336,0.5146484375,2.834625244140625
5,540,43,32,0.5346546173095703,0.62109375,1.8767149448394775
5,540,44,32,0.4105396270751953,0.4814453125,2.7528152465820312
5,540,45,32,0.349210262298584,0.48828125,3.2519240379333496
5,540,46,32,0.35094451904296875,0.4482421875,3.3170671463012695
5,540,47,32,0.32375311851501465,0.4599609375,3.363997459411621
5,540,48,32,0.2918459177017212,0.453125,3.4332613945007324
5,540,49,32,0.3257482051849365,0.505859375,3.1765236854553223
5,540,50,32,0.2794642448425293,0.451171875,3.2745959758758545
5,540,51,32,0.4780259132385254,0.58203125,2.436880588531494
5,540,52,32,0.460665225982666,0.6015625,2.438547134399414
5,540,53,32,0.432619571685791,0.5361328125,2.2205023765563965
5,540,54,32,0.3370342254638672,0.400390625,2.969240665435791
5,540,55,32,0.1840425729751587,0.3291015625,3.7104744911193848
5,540,56,32,0.2134542465209961,0.33056640625,3.6423697471618652
5,540,57,32,0.23528146743774414,0.40234375,3.5555176734924316
5,540,58,32,0.27815771102905273,0.42529296875,3.31502366065979
5,540,59,32,0.2668929100036621,0.47412109375,3.181273937225342
5,540,60,32,0.33796167373657227,0.482421875,2.7690882682800293
5,540,61,32,0.37676525115966797,0.515625,2.4791176319122314
5,540,62,32,0.48801517486572266,0.576171875,1.967698335647583
5,540,63,32,0.6653327941894531,0.701171875,1.5047752857208252
5,540,64,64,0.44406893849372864,0.70166015625,1.9037706851959229
5,540,65,64,0.3912288248538971,0.58740234375,2.1011128425598145
5,540,66,64,0.5282765626907349,0.6953125,1.9941366910934448
5,540,67,64,0.3519971966743469,0.5576171875,2.0140175819396973
5,540,68,64,0.42789363861083984,0.5390625,2.150209665298462
5,540,69,64,0.48784732818603516,0.6298828125,1.8387326002120972
10,480,0,64,0.4038214683532715,0.6591796875,2.6649556159973145
10,480,1,64,0.4853280782699585,0.681640625,1.995111107826233
10,480,2,64,0.46450066566467285,0.64453125,2.3649890422821045
10,480,3,64,0.5350432395935059,0.703125,2.0459165573120117
10,480,4,32,0.4254140853881836,0.548828125,2.7989320755004883
10,480,5,32,0.45451831817626953,0.615234375,2.892815113067627
10,480,6,32,0.5117349624633789,0.6494140625,2.5182533264160156
10,480,7,32,0.4083261489868164,0.5732421875,2.695845603942871
10,480,8,32,0.4433422088623047,0.5673828125,2.410752296447754
10,480,9,32,0.47994327545166016,0.5546875,2.100034236907959
10,480,10,32,0.6207771301269531,0.658203125,1.637560486793518
10,480,11,32,0.6580295562744141,0.703125,1.6670124530792236
10,480,12,32,0.6487960815429688,0.681640625,1.6869244575500488
10,480,13,32,0.5743083953857422,0.6416015625,2.0552196502685547
10,480,14,32,0.3720712661743164,0.4716796875,3.037429094314575
10,480,15,32,0.42058563232421875,0.5517578125,3.0817980766296387
10,480,16,32,0.4204063415527344,0.583984375,3.1711268424987793
10,480,17,32,0.44020915031433105,0.6259765625,2.908324718475342
10,480,18,32,0.4658818244934082,0.642578125,2.9726128578186035
10,480,19,32,0.3469521999359131,0.55078125,3.3143701553344727
10,480,20,32,0.3328380584716797,0.509765625,3.2032411098480225
10,480,21,32,0.34775543212890625,0.4794921875,3.0702552795410156
10,480,22,32,0.36780214309692383,0.5009765625,2.8460915088653564
10,480,23,32,0.3571009635925293,0.5,2.62225341796875
10,480,24,32,0.39559221267700195,0.509765625,2.6869654655456543
10,480,25,32,0.35512304306030273,0.599609375,3.0818679332733154
10,480,26,32,0.38464975357055664,0.5947265625,2.7997565269470215
10,480,27,32,0.4877443313598633,0.6591796875,2.503488779067993
10,480,28,32,0.5979099273681641,0.7421875,2.1312434673309326
10,480,29,32,0.6225900650024414,0.751953125,2.021550178527832
10,480,30,32,0.5200996398925781,0.6484375,2.423571825027466
10,480,31,32,0.6044473648071289,0.7333984375,2.081787109375
10,480,32,32,0.6855573654174805,0.7890625,1.7802019119262695
10,480,33,32,0.60772705078125,0.740234375,2.0610668659210205
10,480,34,32,0.4266648292541504,0.6171875,2.791733741760254
10,480,35,32,0.3794524669647217,0.5390625,3.1371066570281982
10,480,36,32,0.32778167724609375,0.46484375,3.42189359664917
10,480,37,32,0.2829570770263672,0.4775390625,3.4917306900024414
10,480,38,32,0.27966856956481934,0.421875,3.277045726776123
10,480,39,32,0.2729051113128662,0.5390625,3.292330026626587
10,480,40,32,0.3201422691345215,0.4326171875,3.1310582160949707
10,480,41,32,0.4114978313446045,0.6650390625,2.9287471771240234
10,480,42,32,0.3454704284667969,0.482421875,2.842952251434326
10,480,43,32,0.5316371917724609,0.62109375,1.8960416316986084
10,480,44,32,0.4122953414916992,0.4765625,2.7581334114074707
10,480,45,32,0.3527183532714844,0.4794921875,3.2502689361572266
10,480,46,32,0.3521895408630371,0.4638671875,3.3214292526245117
10,480,47,32,0.3244515657424927,0.4765625,3.3625423908233643
10,480,48,32,0.2908897399902344,0.4326171875,3.437178134918213
10,480,49,32,0.33107805252075195,0.5029296875,3.1679487228393555
10,480,50,32,0.28270602226257324,0.45166015625,3.2644309997558594
10,480,51,32,0.47372007369995117,0.576171875,2.457648277282715
10,480,52,32,0.45825862884521484,0.6015625,2.4486279487609863
10,480,53,32,0.43459653854370117,0.52734375,2.219550132751465
10,480,54,32,0.3373699188232422,0.404296875,2.9681403636932373
10,480,55,32,0.18805265426635742,0.3359375,3.689976215362549
10,480,56,32,0.21794676780700684,0.328125,3.6211166381835938
10,480,57,32,0.24079537391662598,0.38427734375,3.5262677669525146
10,480,58,32,0.27831292152404785,0.4228515625,3.306365966796875
10,480,59,32,0.26273298263549805,0.484375,3.197800636291504
10,480,60,32,0.3369441032409668,0.48583984375,2.7797911167144775
10,480,61,32,0.37225961685180664,0.5166015625,2.499225616455078
10,480,62,32,0.4860200881958008,0.5703125,1.9792373180389404
10,480,63,32,0.6666336059570312,0.697265625,1.5024232864379883
10,480,64,64,0.4469490051269531,0.705078125,1.9053936004638672
10,480,65,64,0.3941897451877594,0.59619140625,2.1103224754333496
10,480,66,64,0.5317583084106445,0.697265625,1.9834280014038086
10,480,67,64,0.3597443103790283,0.5869140625,1.9966702461242676
10,480,68,64,0.4294257164001465,0.5244140625,2.1307783126831055
10,480,69,64,0.4905717372894287,0.634765625,1.8356144428253174
15,420,0,64,0.42238306999206543,0.6728515625,2.6334075927734375
15,420,1,64,0.4788532257080078,0.669921875,2.010626792907715
15,420,2,64,0.4654073715209961,0.6484375,2.3595526218414307
15,420,3,64,0.535114049911499,0.7109375,2.0634617805480957
15,420,4,32,0.41913414001464844,0.544921875,2.8299951553344727
15,420,5,32,0.45818042755126953,0.6103515625,2.8919177055358887
15,420,6,32,0.5068912506103516,0.6513671875,2.5484657287597656
15,420,7,32,0.40781545639038086,0.56640625,2.711189031600952
15,420,8,32,0.4383840560913086,0.56640625,2.4469127655029297
15,420,9,32,0.47289085388183594,0.548828125,2.1515257358551025
15,420,10,32,0.6160964965820312,0.654296875,1.6555415391921997
15,420,11,32,0.6491794586181641,0.697265625,1.7064608335494995
15,420,12,32,0.6441049575805664,0.68359375,1.7090134620666504
15,420,13,32,0.5721445083618164,0.642578125,2.073397397994995
15,420,14,32,0.37833452224731445,0.4755859375,3.025057792663574
15,420,15,32,0.43179798126220703,0.5634765625,3.050445079803467
15,420,16,32,0.4312913417816162,0.5966796875,3.150596857070923
15,420,17,32,0.45058536529541016,0.63671875,2.884021520614624
15,420,18,32,0.47135114669799805,0.638671875,2.9594473838806152
15,420,19,32,0.35172557830810547,0.568359375,3.3033640384674072
15,420,20,32,0.32738399505615234,0.4833984375,3.2278571128845215
15,420,21,32,0.34849977493286133,0.4853515625,3.1021533012390137
15,420,22,32,0.36371278762817383,0.5029296875,2.900435447692871
15,420,23,32,0.3435077667236328,0.4794921875,2.706456184387207
15,420,24,32,0.39310693740844727,0.50390625,2.6918978691101074
15,420,25,32,0.3563194274902344,0.5849609375,3.0817112922668457
15,420,26,32,0.3778195381164551,0.587890625,2.822692632675171
15,420,27,32,0.4843158721923828,0.6640625,2.5231685638427734
15,420,28,32,0.584050178527832,0.724609375,2.197422742843628
15,420,29,32,0.6233224868774414,0.748046875,2.027535915374756
15,420,30,32,0.5205059051513672,0.646484375,2.4223217964172363
15,420,31,32,0.6011409759521484,0.72265625,2.0995192527770996
15,420,32,32,0.6845693588256836,0.779296875,1.7850761413574219
15,420,33,32,0.6067657470703125,0.73828125,2.0682735443115234
15,420,34,32,0.4211702346801758,0.6015625,2.8202414512634277
15,420,35,32,0.37703466415405273,0.51953125,3.1490519046783447
15,420,36,32,0.3216545581817627,0.455078125,3.4491920471191406
15,420,37,32,0.2803494930267334,0.451171875,3.5086669921875
15,420,38,32,0.27845191955566406,0.4091796875,3.29538893699646
15,420,39,32,0.2674076557159424,0.5234375,3.3176867961883545
15,420,40,32,0.32074546813964844,0.43359375,3.147372245788574
15,420,41,32,0.4055459499359131,0.66845703125,2.953883409500122
15,420,42,32,0.3484373092651367,0.4609375,2.84852933883667
15,420,43,32,0.5312423706054688,0.62109375,1.9088642597198486
15,420,44,32,0.4119691848754883,0.4873046875,2.7737154960632324
15,420,45,32,0.3563408851623535,0.4814453125,3.242644786834717
15,420,46,32,0.3536515235900879,0.470703125,3.319845199584961
15,420,47,32,0.3242495059967041,0.470703125,3.362544536590576
15,420,48,32,0.29102206230163574,0.4140625,3.432859420776367
15,420,49,32,0.33870911598205566,0.5205078125,3.1492934226989746
15,420,50,32,0.28568315505981445,0.4375,3.257363796234131
15,420,51,32,0.46913909912109375,0.57421875,2.485363006591797
15,420,52,32,0.45703744888305664,0.5966796875,2.447984218597412
15,420,53,32,0.43453502655029297,0.51953125,2.2262470722198486
15,420,54,32,0.33829307556152344,0.40625,2.9595208168029785
15,420,55,32,0.19402551651000977,0.34033203125,3.6616742610931396
15,420,56,32,0.22452497482299805,0.33740234375,3.5960023403167725
15,420,57,32,0.24692511558532715,0.3662109375,3.497258186340332
15,420,58,32,0.2830383777618408,0.4541015625,3.2814700603485107
15,420,59,32,0.2645266056060791,0.490234375,3.183474063873291
15,420,60,32,0.3399801254272461,0.47412109375,2.770461082458496
15,420,61,32,0.36725902557373047,0.51171875,2.510464906692505
15,420,62,32,0.4839334487915039,0.5703125,1.980949878692627
15,420,63,32,0.6683158874511719,0.6953125,1.496032953262329
15,420,64,64,0.451654851436615,0.7119140625,1.8878755569458008
15,420,65,64,0.3935965299606323,0.6015625,2.113154411315918
15,420,66,64,0.5352824926376343,0.69140625,1.9777827262878418
15,420,67,64,0.3652128577232361,0.59765625,1.9840102195739746
15,420,68,64,0.4317293167114258,0.5283203125,2.1119437217712402
15,420,69,64,0.49553871154785156,0.654296875,1.8320634365081787
20,360,0,64,0.4399644136428833,0.6865234375,2.6007065773010254
20,360,1,64,0.4732321500778198,0.671875,2.0295639038085938
20,360,2,64,0.4655277729034424,0.65234375,2.358031749725342
20,360,3,64,0.5361981391906738,0.7265625,2.0818912982940674
20,360,4,32,0.41274499893188477,0.533203125,2.859279155731201
20,360,5,32,0.4613828659057617,0.611328125,2.890960693359375
20,360,6,32,0.5000362396240234,0.6484375,2.5831849575042725
20,360,7,32,0.40572118759155273,0.5556640625,2.7320027351379395
20,360,8,32,0.4338111877441406,0.568359375,2.4804344177246094
20,360,9,32,0.4645195007324219,0.54296875,2.2095327377319336
20,360,10,32,0.6100978851318359,0.65234375,1.679842472076416
20,360,11,32,0.6400003433227539,0.6875,1.7482037544250488
20,360,12,32,0.6376352310180664,0.6796875,1.7409638166427612
20,360,13,32,0.5665950775146484,0.646484375,2.107106924057007
20,360,14,32,0.3840188980102539,0.4794921875,3.0114214420318604
20,360,15,32,0.4424166679382324,0.572265625,3.0198330879211426
20,360,16,32,0.4423182010650635,0.619140625,3.1310629844665527
20,360,17,32,0.45274925231933594,0.6533203125,2.8993210792541504
20,360,18,32,0.48085451126098633,0.646484375,2.939203977584839
20,360,19,32,0.3578920364379883,0.58203125,3.2965617179870605
20,360,20,32,0.32105016708374023,0.4619140625,3.262249708175659
20,360,21,32,0.3486182689666748,0.4951171875,3.127429246902466
20,360,22,32,0.3567347526550293,0.4990234375,2.952984094619751
20,360,23,32,0.3292357921600342,0.4794921875,2.7920634746551514
20,360,24,32,0.3901405334472656,0.5009765625,2.7011563777923584
20,360,25,32,0.3577451705932617,0.5712890625,3.082770824432373
20,360,26,32,0.370349645614624,0.5849609375,2.851287603378296
20,360,27,32,0.48048877716064453,0.65234375,2.5480713844299316
20,360,28,32,0.5743589401245117,0.705078125,2.2442212104797363
20,360,29,32,0.6224594116210938,0.748046875,2.0407614707946777
20,360,30,32,0.5219602584838867,0.650390625,2.4149534702301025
20,360,31,32,0.5996723175048828,0.716796875,2.107703447341919
20,360,32,32,0.6830825805664062,0.78125,1.7924590110778809
20,360,33,32,0.60614013671875,0.732421875,2.0715131759643555
20,360,34,32,0.4174327850341797,0.6015625,2.8421664237976074
20,360,35,32,0.3750343322753906,0.509765625,3.163761615753174
20,360,36,32,0.3222029209136963,0.451171875,3.4512715339660645
20,360,37,32,0.2803685665130615,0.466796875,3.513063430786133
20,360,38,32,0.27631473541259766,0.39453125,3.3120265007019043
20,360,39,32,0.26044631004333496,0.4970703125,3.3492343425750732
20,360,40,32,0.3212013244628906,0.4501953125,3.162637948989868
20,360,41,32,0.397350549697876,0.66845703125,2.985987663269043
20,360,42,32,0.347944974899292,0.4619140625,2.872140884399414
20,360,43,32,0.5313405990600586,0.625,1.9182428121566772
20,360,44,32,0.41322803497314453,0.484375,2.7830681800842285
20,360,45,32,0.36052989959716797,0.4970703125,3.2325596809387207
20,360,46,32,0.35593628883361816,0.4638671875,3.3177828788757324
20,360,47,32,0.32470381259918213,0.4853515625,3.3622395992279053
20,360,48,32,0.2898213863372803,0.4169921875,3.4353060722351074
20,360,49,32,0.34111881256103516,0.525390625,3.1471259593963623
20,360,50,32,0.28633666038513184,0.4404296875,3.2622287273406982
20,360,51,32,0.4649066925048828,0.572265625,2.5089364051818848
20,360,52,32,0.4542407989501953,0.591796875,2.455899477005005
20,360,53,32,0.4321098327636719,0.525390625,2.242908239364624
20,360,54,32,0.33849668502807617,0.4052734375,2.958855628967285
20,360,55,32,0.19585943222045898,0.34033203125,3.6470813751220703
20,360,56,32,0.2259044647216797,0.34375,3.5884757041931152
20,360,57,32,0.24908709526062012,0.3642578125,3.487757921218872
20,360,58,32,0.2829127311706543,0.46484375,3.2823293209075928
20,360,59,32,0.2638437747955322,0.4873046875,3.1851413249969482
20,360,60,32,0.34003686904907227,0.4755859375,2.7796506881713867
20,360,61,32,0.3614072799682617,0.5107421875,2.532158613204956
20,360,62,32,0.4817628860473633,0.568359375,1.989898920059204
20,360,63,32,0.6693000793457031,0.705078125,1.4928944110870361
20,360,64,64,0.4534573256969452,0.71826171875,1.88401198387146
20,360,65,64,0.39225006103515625,0.60888671875,2.1201181411743164
20,360,66,64,0.5376925468444824,0.708984375,1.9707272052764893
20,360,67,64,0.36917150020599365,0.607421875,1.975216031074524
20,360,68,64,0.4332466125488281,0.5244140625,2.101386070251465
20,360,69,64,0.5002586841583252,0.66796875,1.8298922777175903
25,300,0,64,0.4566463232040405,0.703125,2.5617713928222656
25,300,1,64,0.47173964977264404,0.69140625,2.0485036373138428
25,300,2,64,0.4677550792694092,0.65234375,2.344733953475952
25,300,3,64,0.5377135276794434,0.740234375,2.0987682342529297
25,300,4,32,0.4069027900695801,0.5234375,2.884674072265625
25,300,5,32,0.4646482467651367,0.611328125,2.887531280517578
25,300,6,32,0.4920511245727539,0.640625,2.619117498397827
25,300,7,32,0.4028444290161133,0.55859375,2.756343126296997
25,300,8,32,0.4302558898925781,0.564453125,2.5084104537963867
25,300,9,32,0.4558858871459961,0.537109375,2.269655466079712
25,300,10,32,0.60302734375,0.6484375,1.7096813917160034
25,300,11,32,0.6300525665283203,0.685546875,1.7947449684143066
25,300,12,32,0.6287994384765625,0.671875,1.7846736907958984
25,300,13,32,0.5584945678710938,0.6455078125,2.152925491333008
25,300,14,32,0.3912348747253418,0.484375,2.991276741027832
25,300,15,32,0.45180273056030273,0.5888671875,2.9902217388153076
25,300,16,32,0.4539825916290283,0.630859375,3.1019067764282227
25,300,17,32,0.451702356338501,0.6484375,2.9208130836486816
25,300,18,32,0.48670387268066406,0.662109375,2.9255547523498535
25,300,19,32,0.3629415035247803,0.591796875,3.294529676437378
25,300,20,32,0.31789731979370117,0.44921875,3.281653642654419
25,300,21,32,0.3501415252685547,0.4951171875,3.1395864486694336
25,300,22,32,0.3503293991088867,0.5068359375,2.9983534812927246
25,300,23,32,0.31621575355529785,0.4697265625,2.8640942573547363
25,300,24,32,0.38689088821411133,0.5,2.7126708030700684
25,300,25,32,0.3592715263366699,0.5703125,3.0833535194396973
25,300,26,32,0.36573243141174316,0.5751953125,2.8724794387817383
25,300,27,32,0.4777984619140625,0.6416015625,2.5672361850738525
25,300,28,32,0.567713737487793,0.6982421875,2.2766458988189697
25,300,29,32,0.6213140487670898,0.75,2.054250478744507
25,300,30,32,0.5234918594360352,0.6484375,2.4084784984588623
25,300,31,32,0.5970745086669922,0.7138671875,2.119523525238037
25,300,32,32,0.680994987487793,0.77734375,1.8022878170013428
25,300,33,32,0.6062870025634766,0.728515625,2.0715267658233643
25,300,34,32,0.41614246368408203,0.58203125,2.852839708328247
25,300,35,32,0.3743314743041992,0.513671875,3.176365852355957
25,300,36,32,0.32436180114746094,0.4775390625,3.447019100189209
25,300,37,32,0.2808253765106201,0.4482421875,3.5150718688964844
25,300,38,32,0.2772343158721924,0.4365234375,3.319058418273926
25,300,39,32,0.25784802436828613,0.490234375,3.3645076751708984
25,300,40,32,0.32332396507263184,0.451171875,3.1689705848693848
25,300,41,32,0.38973450660705566,0.6650390625,3.0179643630981445
25,300,42,32,0.34514451026916504,0.4658203125,2.9112372398376465
25,300,43,32,0.5304346084594727,0.62890625,1.9337719678878784
25,300,44,32,0.41712331771850586,0.490234375,2.777005672454834
25,300,45,32,0.36699342727661133,0.5029296875,3.214661121368408
25,300,46,32,0.3597545623779297,0.4541015625,3.3107097148895264
25,300,47,32,0.3277055025100708,0.4853515625,3.3553900718688965
25,300,48,32,0.289089560508728,0.435546875,3.438026189804077
25,300,49,32,0.34110283851623535,0.515625,3.153461456298828
25,300,50,32,0.2859981060028076,0.4619140625,3.2675790786743164
25,300,51,32,0.46115875244140625,0.5673828125,2.5290279388427734
25,300,52,32,0.45046377182006836,0.58203125,2.469709634780884
25,300,53,32,0.42986536026000977,0.525390625,2.260814666748047
25,300,54,32,0.3388833999633789,0.4033203125,2.958921432495117
25,300,55,32,0.1960291862487793,0.3359375,3.6413450241088867
25,300,56,32,0.22514963150024414,0.34228515625,3.590233325958252
25,300,57,32,0.24981689453125,0.3515625,3.485415458679199
25,300,58,32,0.28249454498291016,0.4658203125,3.285731315612793
25,300,59,32,0.2617647647857666,0.4853515625,3.1979551315307617
25,300,60,32,0.3380246162414551,0.4873046875,2.79917573928833
25,300,61,32,0.3554654121398926,0.51025390625,2.559614658355713
25,300,62,32,0.4799814224243164,0.5673828125,2.004103660583496
25,300,63,32,0.6703701019287109,0.703125,1.4905637502670288
25,300,64,64,0.4538142681121826,0.71142578125,1.8783882856369019
25,300,65,64,0.3895214796066284,0.59033203125,2.1267359256744385
25,300,66,64,0.5379817485809326,0.705078125,1.9648939371109009
25,300,67,64,0.37082093954086304,0.58984375,1.9724149703979492
25,300,68,64,0.43372249603271484,0.5234375,2.092911958694458
25,300,69,64,0.5050976276397705,0.673828125,1.824782133102417
30,240,0,64,0.47230374813079834,0.7158203125,2.5178136825561523
30,240,1,64,0.47381770610809326,0.6953125,2.0627031326293945
30,240,2,64,0.46972382068634033,0.646484375,2.329435110092163
30,240,3,64,0.5388157367706299,0.75,2.1134419441223145
30,240,4,32,0.4018387794494629,0.521484375,2.9052340984344482
30,240,5,32,0.46778059005737305,0.6171875,2.8834567070007324
30,240,6,32,0.4840550422668457,0.6328125,2.6543211936950684
30,240,7,32,0.3989992141723633,0.552734375,2.785067319869995
30,240,8,32,0.4276161193847656,0.5546875,2.5308115482330322
30,240,9,32,0.4465217590332031,0.529296875,2.3337864875793457
30,240,10,32,0.5950794219970703,0.64453125,1.744781732559204
30,240,11,32,0.6198577880859375,0.6796875,1.843090295791626
30,240,12,32,0.6190223693847656,0.666015625,1.835216999053955
30,240,13,32,0.5485296249389648,0.6435546875,2.207472324371338
30,240,14,32,0.3950209617614746,0.494140625,2.986088275909424
30,240,15,32,0.45560264587402344,0.5947265625,2.986586093902588
30,240,16,32,0.46216249465942383,0.634765625,3.0824031829833984
30,240,17,32,0.4497954845428467,0.646484375,2.9511194229125977
30,240,18,32,0.4874851703643799,0.65625,2.9321653842926025
30,240,19,32,0.36649608612060547,0.591796875,3.299483060836792
30,240,20,32,0.314288854598999,0.4716796875,3.301177978515625
30,240,21,32,0.3517179489135742,0.498046875,3.1548709869384766
30,240,22,32,0.34442806243896484,0.5087890625,3.045691728591919
30,240,23,32,0.30480122566223145,0.4541015625,2.9315338134765625
30,240,24,32,0.38289785385131836,0.4990234375,2.726937770843506
30,240,25,32,0.36008691787719727,0.568359375,3.0870914459228516
30,240,26,32,0.361661434173584,0.5634765625,2.893507957458496
30,240,27,32,0.4755716323852539,0.634765625,2.5828380584716797
30,240,28,32,0.5613870620727539,0.6875,2.307765007019043
30,240,29,32,0.6196823120117188,0.744140625,2.070993423461914
30,240,30,32,0.5235252380371094,0.640625,2.4097604751586914
30,240,31,32,0.5937061309814453,0.7138671875,2.136359214782715
30,240,32,32,0.6791067123413086,0.76953125,1.8122014999389648
30,240,33,32,0.6045503616333008,0.724609375,2.08073091506958
30,240,34,32,0.4143052101135254,0.560546875,2.8663690090179443
30,240,35,32,0.37549614906311035,0.5185546875,3.1842775344848633
30,240,36,32,0.3273732662200928,0.4931640625,3.438709020614624
30,240,37,32,0.27982938289642334,0.4326171875,3.521265983581543
30,240,38,32,0.27660250663757324,0.4228515625,3.3297770023345947
30,240,39,32,0.2536611557006836,0.470703125,3.385054111480713
30,240,40,32,0.32306337356567383,0.4423828125,3.18274188041687
30,240,41,32,0.38053464889526367,0.6572265625,3.060591697692871
30,240,42,32,0.34045886993408203,0.4599609375,2.9602108001708984
30,240,43,32,0.5298032760620117,0.61328125,1.9500771760940552
30,240,44,32,0.4189109802246094,0.4951171875,2.780533790588379
30,240,45,32,0.37079429626464844,0.5146484375,3.2091503143310547
30,240,46,32,0.3616800308227539,0.46484375,3.312450885772705
30,240,47,32,0.32944464683532715,0.46484375,3.3541531562805176
30,240,48,32,0.28754961490631104,0.435546875,3.443571090698242
30,240,49,32,0.3399779796600342,0.5263671875,3.163689374923706
30,240,50,32,0.28449273109436035,0.4580078125,3.2740061283111572
30,240,51,32,0.45536088943481445,0.564453125,2.555530548095703
30,240,52,32,0.44344520568847656,0.572265625,2.5037429332733154
30,240,53,32,0.4294900894165039,0.5302734375,2.275865077972412
30,240,54,32,0.3388528823852539,0.4033203125,2.964022159576416
30,240,55,32,0.19521117210388184,0.343994140625,3.6400251388549805
30,240,56,32,0.22328948974609375,0.359375,3.5963125228881836
30,240,57,32,0.2484116554260254,0.3828125,3.4938652515411377
30,240,58,32,0.27919721603393555,0.4619140625,3.304669141769409
30,240,59,32,0.25844573974609375,0.4833984375,3.2174811363220215
30,240,60,32,0.33556461334228516,0.4990234375,2.8192224502563477
30,240,61,32,0.3498549461364746,0.5087890625,2.5895767211914062
30,240,62,32,0.4784049987792969,0.5654296875,2.0188026428222656
30,240,63,32,0.6710910797119141,0.701171875,1.4893136024475098
30,240,64,64,0.453410267829895,0.69873046875,1.8685619831085205
30,240,65,64,0.3861369490623474,0.58203125,2.1358375549316406
30,240,66,64,0.5372686386108398,0.69921875,1.958285927772522
30,240,67,64,0.371737539768219,0.5947265625,1.9704530239105225
30,240,68,64,0.432880163192749,0.5234375,2.0833873748779297
30,240,69,64,0.5097029209136963,0.673828125,1.8174290657043457
35,180,0,64,0.4872460961341858,0.7265625,2.464686870574951
35,180,1,64,0.4779505729675293,0.693359375,2.068559169769287
35,180,2,64,0.47218823432922363,0.640625,2.3110907077789307
35,180,3,64,0.5399549007415771,0.75,2.1248016357421875
35,180,4,32,0.39768552780151367,0.5146484375,2.921414375305176
35,180,5,32,0.4712047576904297,0.62109375,2.87695574760437
35,180,6,32,0.4759669303894043,0.62109375,2.6897096633911133
35,180,7,32,0.3946075439453125,0.55078125,2.814210891723633
35,180,8,32,0.42571544647216797,0.56640625,2.5490264892578125
35,180,9,32,0.4368610382080078,0.5205078125,2.400149345397949
35,180,10,32,0.5870456695556641,0.640625,1.7821358442306519
35,180,11,32,0.6100978851318359,0.67578125,1.8902941942214966
35,180,12,32,0.6091346740722656,0.6640625,1.8882713317871094
35,180,13,32,0.5373573303222656,0.6396484375,2.2681543827056885
35,180,14,32,0.39673948287963867,0.5068359375,2.9882636070251465
35,180,15,32,0.45653247833251953,0.5869140625,2.99375581741333
35,180,16,32,0.46784400939941406,0.638671875,3.0702762603759766
35,180,17,32,0.44900310039520264,0.6474609375,2.980236291885376
35,180,18,32,0.4876747131347656,0.6474609375,2.941105842590332
35,180,19,32,0.37102484703063965,0.587890625,3.298029899597168
35,180,20,32,0.3119628429412842,0.4892578125,3.3133544921875
35,180,21,32,0.35333752632141113,0.5126953125,3.1660561561584473
35,180,22,32,0.341733455657959,0.50390625,3.0786027908325195
35,180,23,32,0.29781341552734375,0.4375,2.9770889282226562
35,180,24,32,0.37885475158691406,0.490234375,2.7387442588806152
35,180,25,32,0.3599858283996582,0.56640625,3.0926852226257324
35,180,26,32,0.3587315082550049,0.55859375,2.9076874256134033
35,180,27,32,0.4745206832885742,0.6298828125,2.5937068462371826
35,180,28,32,0.5560064315795898,0.6875,2.333400011062622
35,180,29,32,0.617889404296875,0.7421875,2.089418888092041
35,180,30,32,0.5229396820068359,0.62890625,2.414072275161743
35,180,31,32,0.5904750823974609,0.70703125,2.1530983448028564
35,180,32,32,0.6767024993896484,0.76953125,1.8255436420440674
35,180,33,32,0.6009244918823242,0.724609375,2.098781108856201
35,180,34,32,0.41098690032958984,0.552734375,2.887543201446533
35,180,35,32,0.3775193691253662,0.521484375,3.190133810043335
35,180,36,32,0.32813119888305664,0.470703125,3.4381608963012695
35,180,37,32,0.27698659896850586,0.4111328125,3.5330393314361572
35,180,38,32,0.2729341983795166,0.3994140625,3.3457813262939453
35,180,39,32,0.2482924461364746,0.46142578125,3.4085922241210938
35,180,40,32,0.3212110996246338,0.45703125,3.2030577659606934
35,180,41,32,0.3709733486175537,0.654296875,3.105807304382324
35,180,42,32,0.33575868606567383,0.4384765625,3.007211923599243
35,180,43,32,0.5284214019775391,0.607421875,1.968065619468689
35,180,44,32,0.41892051696777344,0.4990234375,2.7913661003112793
35,180,45,32,0.37331199645996094,0.509765625,3.2064383029937744
35,180,46,32,0.3621048927307129,0.48046875,3.318239450454712
35,180,47,32,0.3304046392440796,0.4599609375,3.356778144836426
35,180,48,32,0.283394455909729,0.419921875,3.4594948291778564
35,180,49,32,0.3390204906463623,0.515625,3.172048807144165
35,180,50,32,0.281632661819458,0.4501953125,3.286503314971924
35,180,51,32,0.4496641159057617,0.5673828125,2.582529306411743
35,180,52,32,0.4338493347167969,0.5634765625,2.552844524383545
35,180,53,32,0.42817115783691406,0.529296875,2.296022415161133
35,180,54,32,0.3385167121887207,0.4052734375,2.9732186794281006
35,180,55,32,0.19402098655700684,0.3486328125,3.642033100128174
35,180,56,32,0.219926118850708,0.3642578125,3.6075515747070312
35,180,57,32,0.24606609344482422,0.396484375,3.5079901218414307
35,180,58,32,0.2734644412994385,0.4521484375,3.337575912475586
35,180,59,32,0.25369906425476074,0.490234375,3.2454845905303955
35,180,60,32,0.33163022994995117,0.505859375,2.849639415740967
35,180,61,32,0.3426704406738281,0.50439453125,2.6295766830444336
35,180,62,32,0.4752531051635742,0.5625,2.0411486625671387
35,180,63,32,0.6711368560791016,0.697265625,1.4900169372558594
35,180,64,64,0.4517365097999573,0.67138671875,1.860283374786377
35,180,65,64,0.38275018334388733,0.57421875,2.1468615531921387
35,180,66,64,0.536339282989502,0.6875,1.9509031772613525
35,180,67,64,0.3715748190879822,0.5986328125,1.9674739837646484
35,180,68,64,0.4310939311981201,0.5263671875,2.0760655403137207
35,180,69,64,0.5140304565429688,0.658203125,1.8128142356872559
40,120,0,64,0.500523567199707,0.7333984375,2.4030611515045166
40,120,1,64,0.4815727472305298,0.6953125,2.0583391189575195
40,120,2,64,0.4777718782424927,0.64453125,2.2753677368164062
40,120,3,64,0.543025016784668,0.74609375,2.1290364265441895
40,120,4,32,0.39366817474365234,0.5078125,2.9388275146484375
40,120,5,32,0.47339963912963867,0.62109375,2.8755006790161133
40,120,6,32,0.4667363166809082,0.615234375,2.7316975593566895
40,120,7,32,0.38924551010131836,0.55859375,2.8477511405944824
40,120,8,32,0.4233236312866211,0.5703125,2.5705676078796387
40,120,9,32,0.4256858825683594,0.5166015625,2.4770686626434326
40,120,10,32,0.5776853561401367,0.63671875,1.82753324508667
40,120,11,32,0.5988216400146484,0.669921875,1.946183204650879
40,120,12,32,0.5974912643432617,0.662109375,1.9537928104400635
40,120,13,32,0.521458625793457,0.6337890625,2.3545377254486084
40,120,14,32,0.39596080780029297,0.5126953125,3.002680540084839
40,120,15,32,0.4550318717956543,0.5986328125,3.0112555027008057
40,120,16,32,0.47245287895202637,0.63671875,3.064027786254883
40,120,17,32,0.44738757610321045,0.6494140625,3.01194167137146
40,120,18,32,0.48842597007751465,0.638671875,2.9455647468566895
40,120,19,32,0.372236967086792,0.58984375,3.304234743118286
40,120,20,32,0.3084070682525635,0.4921875,3.331926107406616
40,120,21,32,0.3551201820373535,0.525390625,3.1705751419067383
40,120,22,32,0.33794450759887695,0.494140625,3.1023154258728027
40,120,23,32,0.2919747829437256,0.4423828125,3.009756326675415
40,120,24,32,0.37447023391723633,0.486328125,2.7514100074768066
40,120,25,32,0.3596916198730469,0.5556640625,3.0992441177368164
40,120,26,32,0.3566570281982422,0.5458984375,2.9193670749664307
40,120,27,32,0.4736652374267578,0.625,2.605217695236206
40,120,28,32,0.5517063140869141,0.685546875,2.353123188018799
40,120,29,32,0.6162319183349609,0.73046875,2.1080503463745117
40,120,30,32,0.5227718353271484,0.630859375,2.4161200523376465
40,120,31,32,0.5870380401611328,0.69921875,2.171039581298828
40,120,32,32,0.6748456954956055,0.767578125,1.8372880220413208
40,120,33,32,0.5966529846191406,0.728515625,2.1195342540740967
40,120,34,32,0.4064145088195801,0.537109375,2.9145092964172363
40,120,35,32,0.37976908683776855,0.521484375,3.1975998878479004
40,120,36,32,0.3273274898529053,0.453125,3.446173667907715
40,120,37,32,0.27253925800323486,0.4130859375,3.5493414402008057
40,120,38,32,0.26928234100341797,0.40234375,3.3615646362304688
40,120,39,32,0.2409811019897461,0.46826171875,3.4391403198242188
40,120,40,32,0.31870388984680176,0.4794921875,3.227637767791748
40,120,41,32,0.358853816986084,0.646484375,3.1639862060546875
40,120,42,32,0.3293876647949219,0.42578125,3.0690932273864746
40,120,43,32,0.5265703201293945,0.607421875,1.991740107536316
40,120,44,32,0.41739797592163086,0.4921875,2.8099582195281982
40,120,45,32,0.3752286434173584,0.5078125,3.2047195434570312
40,120,46,32,0.3628106117248535,0.47265625,3.3229689598083496
40,120,47,32,0.3323322534561157,0.4697265625,3.3553218841552734
40,120,48,32,0.2801700830459595,0.4404296875,3.4712958335876465
40,120,49,32,0.3384366035461426,0.5048828125,3.1764283180236816
40,120,50,32,0.2797391414642334,0.458984375,3.2924082279205322
40,120,51,32,0.4424784183502197,0.56640625,2.613567590713501
40,120,52,32,0.4222712516784668,0.5517578125,2.6159191131591797
40,120,53,32,0.4258146286010742,0.513671875,2.3280837535858154
40,120,54,32,0.33726072311401367,0.404296875,2.989888906478882
40,120,55,32,0.18998289108276367,0.35009765625,3.6552231311798096
40,120,56,32,0.21383428573608398,0.36572265625,3.6270694732666016
40,120,57,32,0.24081838130950928,0.390625,3.5322067737579346
40,120,58,32,0.2644336223602295,0.4248046875,3.384195327758789
40,120,59,32,0.24545598030090332,0.49267578125,3.289674997329712
40,120,60,32,0.3248419761657715,0.5009765625,2.9002833366394043
40,120,61,32,0.33321475982666016,0.49658203125,2.6820333003997803
40,120,62,32,0.4707670211791992,0.55859375,2.0700812339782715
40,120,63,32,0.6703910827636719,0.6953125,1.4929311275482178
40,120,64,64,0.44904613494873047,0.65185546875,1.8496315479278564
40,120,65,64,0.3804565370082855,0.5771484375,2.1553730964660645
40,120,66,64,0.5348513126373291,0.68359375,1.9396569728851318
40,120,67,64,0.369476854801178,0.580078125,1.9646272659301758
40,120,68,64,0.4284341335296631,0.5146484375,2.0681052207946777
40,120,69,64,0.5166563987731934,0.669921875,1.8107746839523315
45,60,0,64,0.5177109241485596,0.7421875,2.3063154220581055
45,60,1,64,0.4855421781539917,0.701171875,2.013868808746338
45,60,2,64,0.4901217222213745,0.65234375,2.2039999961853027
45,60,3,64,0.5505944490432739,0.744140625,2.1173665523529053
45,60,4,32,0.38850831985473633,0.498046875,2.962578058242798
45,60,5,32,0.47326087951660156,0.619140625,2.883701801300049
45,60,6,32,0.45662355422973633,0.60546875,2.781693935394287
45,60,7,32,0.38381338119506836,0.552734375,2.88511323928833
45,60,8,32,0.4193429946899414,0.55859375,2.6006081104278564
45,60,9,32,0.41260766983032227,0.521484375,2.562763214111328
45,60,10,32,0.5646381378173828,0.630859375,1.8916953802108765
45,60,11,32,0.5839195251464844,0.66015625,2.025085687637329
45,60,12,32,0.5799570083618164,0.658203125,2.055734634399414
45,60,13,32,0.4976367950439453,0.6181640625,2.4829702377319336
45,60,14,32,0.392153263092041,0.5126953125,3.028449058532715
45,60,15,32,0.45078229904174805,0.6103515625,3.040726661682129
45,60,16,32,0.47248244285583496,0.646484375,3.07633376121521
45,60,17,32,0.4423868656158447,0.64453125,3.0538625717163086
45,60,18,32,0.4871351718902588,0.642578125,2.955446720123291
45,60,19,32,0.37189435958862305,0.58984375,3.3123836517333984
45,60,20,32,0.29968786239624023,0.505859375,3.375492572784424
45,60,21,32,0.3533015251159668,0.548828125,3.18789005279541
45,60,22,32,0.33077430725097656,0.4677734375,3.1383490562438965
45,60,23,32,0.28198444843292236,0.439453125,3.069711685180664
45,60,24,32,0.36904144287109375,0.4873046875,2.7682533264160156
45,60,25,32,0.36055803298950195,0.5458984375,3.101301670074463
45,60,26,32,0.3540618419647217,0.52734375,2.9336118698120117
45,60,27,32,0.4716911315917969,0.623046875,2.622251033782959
45,60,28,32,0.5453824996948242,0.685546875,2.3814167976379395
45,60,29,32,0.6131467819213867,0.736328125,2.1352343559265137
45,60,30,32,0.5223960876464844,0.62890625,2.419372081756592
45,60,31,32,0.5826253890991211,0.697265625,2.196105480194092
45,60,32,32,0.6728277206420898,0.763671875,1.8501983880996704
45,60,33,32,0.5924882888793945,0.732421875,2.140748977661133
45,60,34,32,0.4055337905883789,0.529296875,2.9258337020874023
45,60,35,32,0.38278675079345703,0.5166015625,3.1986777782440186
45,60,36,32,0.32982802391052246,0.453125,3.443192958831787
45,60,37,32,0.2704657316207886,0.40673828125,3.557218551635742
45,60,38,32,0.2684323787689209,0.41015625,3.3696234226226807
45,60,39,32,0.2335948944091797,0.40234375,3.4683218002319336
45,60,40,32,0.3185157775878906,0.4541015625,3.24288272857666
45,60,41,32,0.3457221984863281,0.6396484375,3.226047992706299
45,60,42,32,0.32251715660095215,0.4189453125,3.1387476921081543
45,60,43,32,0.5262746810913086,0.625,2.013936996459961
45,60,44,32,0.41507625579833984,0.494140625,2.8336687088012695
45,60,45,32,0.3782644271850586,0.4970703125,3.199570655822754
45,60,46,32,0.3645946979522705,0.4599609375,3.3244712352752686
45,60,47,32,0.3354792594909668,0.4892578125,3.3462538719177246
45,60,48,32,0.27810966968536377,0.4208984375,3.4762415885925293
45,60,49,32,0.3387279510498047,0.48681640625,3.1765379905700684
45,60,50,32,0.2775462865829468,0.4677734375,3.298172950744629
45,60,51,32,0.43344950675964355,0.5556640625,2.6542558670043945
45,60,52,32,0.4065372943878174,0.54296875,2.7025840282440186
45,60,53,32,0.42166566848754883,0.509765625,2.3867006301879883
45,60,54,32,0.3358931541442871,0.3984375,3.0077033042907715
45,60,55,32,0.18470823764801025,0.33837890625,3.6762986183166504
45,60,56,32,0.20636796951293945,0.35498046875,3.6521925926208496
45,60,57,32,0.23297548294067383,0.365234375,3.5669302940368652
45,60,58,32,0.25325894355773926,0.4013671875,3.4367194175720215
45,60,59,32,0.23524737358093262,0.47705078125,3.342611789703369
45,60,60,32,0.31614255905151367,0.4814453125,2.9659669399261475
45,60,61,32,0.3221616744995117,0.48291015625,2.7430002689361572
45,60,62,32,0.4653291702270508,0.552734375,2.106614112854004
45,60,63,32,0.6686077117919922,0.69921875,1.4986112117767334
45,60,64,64,0.44466233253479004,0.61767578125,1.8292661905288696
45,60,65,64,0.37751859426498413,0.57421875,2.155465602874756
45,60,66,64,0.5326437950134277,0.689453125,1.9197384119033813
45,60,67,64,0.3633890151977539,0.5830078125,1.9568194150924683
45,60,68,64,0.423983097076416,0.5068359375,2.062063694000244
45,60,69,64,0.5143444538116455,0.66796875,1.814347505569458
49,12,0,64,0.5517153143882751,0.7373046875,2.1241588592529297
49,12,1,64,0.4967695474624634,0.73828125,1.9348310232162476
49,12,2,64,0.5130114555358887,0.662109375,2.087556838989258
49,12,3,64,0.5642976760864258,0.755859375,2.0925331115722656
49,12,4,32,0.379305362701416,0.4765625,3.003117561340332
49,12,5,32,0.46341824531555176,0.615234375,2.9374794960021973
49,12,6,32,0.44318056106567383,0.57421875,2.8551528453826904
49,12,7,32,0.37652158737182617,0.53515625,2.935194730758667
49,12,8,32,0.40936994552612305,0.537109375,2.6694226264953613
49,12,9,32,0.3882322311401367,0.505859375,2.710829257965088
49,12,10,32,0.5405111312866211,0.6171875,2.0168094635009766
49,12,11,32,0.558690071105957,0.634765625,2.165403127670288
49,12,12,32,0.5465736389160156,0.6328125,2.2510435581207275
49,12,13,32,0.45703792572021484,0.61328125,2.7001192569732666
49,12,14,32,0.3876609802246094,0.51953125,3.0585708618164062
49,12,15,32,0.44439697265625,0.583984375,3.0980429649353027
49,12,16,32,0.4698357582092285,0.650390625,3.106095790863037
49,12,17,32,0.4304382801055908,0.607421875,3.128821849822998
49,12,18,32,0.48312902450561523,0.650390625,2.9846701622009277
49,12,19,32,0.35903263092041016,0.5419921875,3.372330665588379
49,12,20,32,0.2797555923461914,0.478515625,3.463482618331909
49,12,21,32,0.34345364570617676,0.564453125,3.2545394897460938
49,12,22,32,0.3177378177642822,0.46484375,3.213778018951416
49,12,23,32,0.26550984382629395,0.4189453125,3.16945743560791
49,12,24,32,0.36785459518432617,0.4873046875,2.758291721343994
49,12,25,32,0.36441755294799805,0.5361328125,3.0898358821868896
49,12,26,32,0.35198259353637695,0.521484375,2.940350294113159
49,12,27,32,0.4680442810058594,0.615234375,2.6473703384399414
49,12,28,32,0.5377998352050781,0.673828125,2.4155349731445312
49,12,29,32,0.6126737594604492,0.728515625,2.1542043685913086
49,12,30,32,0.522831916809082,0.64453125,2.4199647903442383
49,12,31,32,0.5773258209228516,0.70703125,2.2251081466674805
49,12,32,32,0.6728677749633789,0.755859375,1.8518486022949219
49,12,33,32,0.5982828140258789,0.73828125,2.1163816452026367
49,12,34,32,0.4051198959350586,0.541015625,2.9321680068969727
49,12,35,32,0.38681674003601074,0.517578125,3.2013039588928223
49,12,36,32,0.33336305618286133,0.4599609375,3.43265438079834
49,12,37,32,0.2724604606628418,0.421875,3.545409917831421
49,12,38,32,0.26792263984680176,0.39453125,3.3752124309539795
49,12,39,32,0.22306370735168457,0.388671875,3.5067663192749023
49,12,40,32,0.31964969635009766,0.4560546875,3.26485538482666
49,12,41,32,0.3254859447479248,0.6162109375,3.3117454051971436
49,12,42,32,0.3119192123413086,0.416015625,3.252553939819336
49,12,43,32,0.5291624069213867,0.611328125,2.042178153991699
49,12,44,32,0.40840578079223633,0.5009765625,2.8831520080566406
49,12,45,32,0.38287353515625,0.498046875,3.1891400814056396
49,12,46,32,0.363370418548584,0.474609375,3.3382058143615723
49,12,47,32,0.3406716585159302,0.501953125,3.3296306133270264
49,12,48,32,0.2739996910095215,0.419921875,3.4858756065368652
49,12,49,32,0.3350949287414551,0.45458984375,3.1915721893310547
49,12,50,32,0.27326416969299316,0.4609375,3.3094992637634277
49,12,51,32,0.4217846393585205,0.5302734375,2.711151123046875
49,12,52,32,0.384570837020874,0.5146484375,2.8172271251678467
49,12,53,32,0.41036176681518555,0.4873046875,2.5103487968444824
49,12,54,32,0.3342275619506836,0.4033203125,3.030411958694458
49,12,55,32,0.1783754825592041,0.31884765625,3.7063522338867188
49,12,56,32,0.20058631896972656,0.3359375,3.673396110534668
49,12,57,32,0.22588467597961426,0.3330078125,3.6041197776794434
49,12,58,32,0.2385575771331787,0.3447265625,3.50089693069458
49,12,59,32,0.22192072868347168,0.44189453125,3.412849187850952
49,12,60,32,0.3032855987548828,0.455078125,3.063929319381714
49,12,61,32,0.3069791793823242,0.45556640625,2.829610824584961
49,12,62,32,0.4595222473144531,0.54296875,2.160839796066284
49,12,63,32,0.6651382446289062,0.6953125,1.5085666179656982
49,12,64,64,0.4350316524505615,0.5732421875,1.8059349060058594
49,12,65,64,0.3705143332481384,0.5458984375,2.1600003242492676
49,12,66,64,0.5249273777008057,0.693359375,1.8916536569595337
49,12,67,64,0.34850120544433594,0.5869140625,1.944620132446289
49,12,68,64,0.4149656295776367,0.5009765625,2.063122272491455
49,12,69,64,0.4996635913848877,0.646484375,1.841858148574829
